Angiotensin-converting enzyme
MGAASGQRGRWPLSPPLLMLSLLVLLLQPSPAPALDPGLQPGNFSPDEAGAQLFAESYNSSAEVVMFQSTVASWAHDTNITEENARRQEEAALVSQEFAEVWGKKAKELYESIWQNFTDSKLRRIIGSIRTLGPANLPLAQRQQYNSLLSNMSRIYSTGKVCFPNKTATCWSLDPELTNILASSRSYAKLLFAWEGWHDAVGIPLKPLYQDFTAISNEAYRQDDFSDTGAFWRSWYESPSFEESLEHIYHQLEPLYLNLHAYVRRALHRRYGDKYVNLRGPIPAHLLGDMWAQSWENIYDMVVPFPDKPNLDVTSTMVQKGWNATHMFRVSEEFFTSLGLSPMPPEFWAESMLEKPTDGREVVCHASAWDFYNRKDFRIKQCTRVTMEQLATVHHEMGHVQYYLQYKDLHVSLRRGANPGFHEAIGDVLALSVSTPAHLHKIGLLDHVTNDIESDINYLLKMALEKIAFLPFGYLVDQWRWGVFSGRTPPSRYNFDWWYLRTKYQGICPPVARNETHFDAGAKFHIPNVTPYIRYFVSFVLQFQFHQALCKEAGHQGPLHQCDIYQSAQAGAKLKQVLQAGCSRPWQEVLKDLVGSDALDAKALLEYFQPVSQWLEEQNQRNGEVLGWPENQWRPPLPDNYPEGIDLETDEAKADRFVEEYDRTAQVLLNEYAEANWQYNTNITIEGSKILLEKSTEVSNHTLKYGTRAKTFDVSNFQNSSIKRIIKKLQNLDRAVLPPKELEEYNQILLDMETTYSLSNICYTNGTCMPLEPDLTNMMATSRKYEELLWAWKSWRDKVGRAILPFFPKYVEFSNKIAKLNGYTDAGDSWRSLYESDNLEQDLEKLYQELQPLYLNLHAYVRRSLHRHYGSEYINLDGPIPAHLLGNMWAQTWSNIYDLVAPFPSAPNIDATEAMIKQGWTPRRIFKEADNFFTSLGLLPVPPEFWNKSMLEKPTDGREVVCHPSAWDFYNGKDFRIKQCTSVNMEDLVIAHHEMGHIQYFMQYKDLPVTFREGANPGFHEAIGDIMALSVSTPKHLYSLNLLSTEGSGYEYDINFLMKMALDKIAFIPFSYLIDQWRWRVFDGSITKENYNQEWWSLRLKYQGLCPPVPRSQGDFDPGSKFHVPANVPYVRYFVSFIIQFQFHEALCRAAGHTGPLHKCDIYQSKEAGKLLADAMKLGYSKPWPEAMKLITGQPNMSASAMMNYFKPLTEWLVTENRRHGETLGWPEYNWAPNTARAEGSTAESNRVNFLGLYLEPQQARVGQWVLLFLGVALLVATVGLAHRLYNIRNHHSLRRPHRGPQFGSEVELRHS
C[C@H](NC(=O)[C@H](CS)[C@@H](C)c1ccccc1)C(O)=O	16.0
C[C@H]([C@@H](CS)C(=O)N[C@@H](Cc1ccccc1)C(O)=O)c1ccccc1	26.0
C[C@H](NC(=O)[C@H](CS)[C@@H](C)c1ccccc1)C(O)=O	4.5
C[C@@H]([C@@H](CS)C(=O)N[C@@H](Cc1ccccc1)C(O)=O)c1ccccc1	10.0
C[C@H]([C@@H](CS)C(=O)N[C@@H](Cc1ccccc1)C(O)=O)c1ccccc1	26.0
